
deLosh_data <- list(
  human_data_linear = data.frame(
    x = c(0.7,2.6,4.5,6.6,8.5,11.3,12.7,14.3,
          17.6,18.3,20.9,22.1,24.7,27.7,28,32.9,34.6,37.6,40,
          43.3,44.9,47.5,52.2,55,59.8,65.6,67.3,
          72,72.9,76.2,76.9,81.2,81.6,84,85.9,87.5,89.9,92.7,
          93.7,94.8,99.1,99.5),
    y = c(11.7,17.7,25.5,27.3,29.8,38.3,41.1,
          47.1,56.7,61,67.3,69.5,77.6,83.6,92.5,100.6,106.3,
          112.7,118.7,125.1,128.6,135,144.2,150.9,160.5,
          170.3,176.4,180.6,185.9,189.4,194.8,196.9,199.7,
          203.6,207.5,212.8,219.2,219.1,220.5,228.7,230.1,234.4)),
  
  human_data_exp = data.frame(
    x = c(0.7,2.3,5.5,6.9,8.5,10.6,15.9,16.2,
          13.6,18.7,21.7,22.4,24.9,27,29.1,33.3,34.6,38.1,40.2,
          43.4,44.8,47.8,49.9,52.2,55,58,60.5,63,66.7,71.4,
          72.7,76.7,79.7,81.1,85.7,87.1,90.1,93.1,94.5,96.3,98.2,
          99.3),
    y = c(62.1,73.9,82.5,87,90.8,93.8,103.1,
          105.9,108.7,114.9,114.1,119,124.8,127.6,137.6,145.5,
          149.3,155.1,159.3,163.4,165.8,168.5,170.9,173.3,175.4,
          177.1,182.6,184.3,186.3,187,188.4,192.8,194.2,197.3,200,
          200.4,206.9,206.9,207.6,209.3,212.7,211.7)),
  
  human_data_quad = data.frame(
    x = c(1.1,2.5,5.1,7.2,10.7,13.2,15.1,18.6,
          17,21.1,22.7,25.3,27.4,28.8,32.8,35.3,38.6,43,
          45,48,50.8,53.3,55.4,57.7,60,65.3,68.5,71.5,
          73.5,75.4,77.2,81.1,79.7,83.1,85.4,88,89.3,90.9,93.2,
          95.5,97.8,99.6),
    y = c(70.5,82.3,99.9,101,108.3,116.6,122.8,
          136.3,137.7,140.1,143.9,154.7,162.3,166.1,181.6,191.7,
          196.2,203.1,205.2,206.6,208.7,206.6,206.6,203.2,
          198,193.2,184.2,177.6,176.3,171.1,166.9,160.4,
          155.5,148.3,147.3,142.8,133.8,132.7,122.4,119.3,118.6,
          105.5))
  
)
